65.36417007446289
35.92381007315894
42.59232807215366
41.28850136326182
41.57240364517794
53.262025968576104
95.51675723140691
98.79098464498432
99.11809867557136
99.14690661770896
47.19516931015565
41.28627113953534
41.15254424239904
41.798794071919055
41.28953486753885
55.5144099305498
55.23750736842586
55.64306097129589
56.87777049565059
55.71017205898695
90.43747011865297
97.94984633355504
100.39531021101274
120.58093864184376
153.92351573106092
49.85370875115523
71.83115484912702
73.19685008059542
70.48520654809043
71.14622151700334
65.86377875189903
71.52251845693118
69.97730023075833
67.28738906072573
65.24616618632108
69.84803608749738
69.39206904864469
74.49049497800624
47.04187060612672
65.99097607692923
68.59252385259079
61.26086806746525
73.41245615364213
73.36546683456248
74.64965366232579
66.16920092669191
73.16509100054083
71.56469022048213
56.92680082381593
67.9758512586427
67.58264712768731
68.620113951045
70.92607997082206
58.71870346163046
69.97212376627678
75.66795640201926
59.70593911935223
59.4298086493344
73.2210281923476
69.6284580699056
65.4221956894491
62.86217702038947
76.75579826443098
68.35370856643733
68.34703801610723
76.55992596887748
72.80574192941494
56.95915629105551
69.34585670764892
73.95844199889501
49.23409944308838
67.66373837859425
70.97960680046933
68.44266346514644
75.11566071530635
61.446988268347
69.70735070479125
70.16851677176945
71.77368206380294
71.52941393506535
72.54204283336146
67.12832440449108
66.34211739678692
69.54608262112072
61.91432578585516
68.0974062045799
72.74053774898536
73.56591947555918
68.34039629353651
70.88690915838262
60.26989648662038
64.75744856432914
