71.1435317993164
106.14739748027347
105.50297054952658
106.88803665235761
102.56228819127585
102.16065780940198
103.7719677144388
102.60539526687272
102.66110739202628
102.56168837242356
103.32169552976299
102.59412044952468
101.77680648409473
102.90213448451783
102.81566631490445
103.28060734811704
102.91445825696073
101.69585362410122
102.55255767349922
101.95994284142398
102.75131790459201
102.99785325322355
101.1658802011363
102.10498712845988
101.13993346715438
103.43946277168304
104.57796492838969
104.95013133226507
105.31038383745654
103.64367084446258
127.40982385899355
149.89259134909048
164.73930731244118
171.0236963098624
169.4079855036557
161.1559079388088
158.91777158534978
172.49114179762427
164.75118067141693
165.84292692328634
160.93628179372757
171.57247769432988
176.6701530817161
171.7245423684866
168.90543027607526
172.9401283662446
166.44671543878556
177.949736658951
172.40200331311078
179.90271118123584
173.36766946320446
176.5359160783814
176.39319280249322
168.9951972548664
168.32404341984378
162.80401541862264
160.92346633181543
170.32825625940583
166.29800744438816
179.7553832522287
167.75859667042656
171.9671124159141
165.42986265954022
169.03638768948346
163.44943623109796
167.60112003553488
158.23039004977986
165.2762150571978
170.85561755232712
156.9425509018023
157.01181681665383
174.65530139545112
173.86333380532753
174.53190204879232
173.8946032964013
171.10741571709826
164.7052049931649
170.43026961832393
174.79661279352806
159.30204496153434
110.80317803243439
103.49986865280235
102.35533618689516
113.16398772164678
152.48061316524775
160.40366125907997
164.95125457863836
170.55589612423233
163.9279255061982
178.59289092637982
